3.842330295113467997e+01
2.301288801043857579e-01
2.627693395736063753e+00
-1.608242184500770222e-01
1.004810627181653981e-01
3.327735696740314331e-01
4.058760676942439055e-02
4.939085917313417173e-01
4.876493291881146774e+00
-2.152281974852534863e-01
1.867373664052986715e-01
3.000296278056781979e-02
-1.763236937968558349e-01
2.957062317019608422e+00
4.265114432792254696e-03
3.545719246632385996e-02
-6.634599944052764764e-01
2.863538424694198170e+00
-1.135626567673020254e-01
-1.710469455207186629e+00
2.104216462671132604e+00
