5.227209793719400466e+01
4.387874118027351722e-02
3.093202234719598653e-01
-9.295022041866068951e-02
1.588145612265819129e-02
9.460613510327887943e-02
1.858066357725343329e-02
2.097869166597658985e-01
2.098083528069162096e+00
1.266008426300379297e-01
-2.804417545659523142e-02
3.369577744351522769e-02
2.131880081113998460e-01
8.003894921039353960e-01
-5.132861806537825089e-02
4.130081605758642582e-02
-8.948389640370543185e-01
4.368046111443638635e-01
-1.947331423918789439e-01
-1.698887700563202818e+00
-4.722020528005285711e-01
