5.226579115336713954e+01
3.996777402039290022e-02
3.051440871775127905e-01
-9.382535046417544988e-02
1.184259635657547265e-02
9.432931685607522099e-02
2.088258071738264415e-02
2.137334137028857328e-01
2.094359828993261896e+00
1.189899057938249571e-01
-2.136552971877848928e-02
3.432595239186198022e-02
2.151021155618155767e-01
7.894606859946241562e-01
-5.380653664826184207e-02
4.662799796818781900e-02
-8.953245577441509839e-01
4.326928714381680363e-01
-1.932390783194095907e-01
-1.697238545508721330e+00
-4.811342077619791269e-01
