5.226130749774313244e+01
3.691444715309569885e-02
2.989609506052457455e-01
-8.517958386466674414e-02
-4.237218519033007606e-03
9.859182124330810593e-02
1.656889694316824799e-02
2.180816469121514278e-01
2.091673887367551998e+00
1.077618555272551182e-01
-8.828008998492776344e-03
3.705725526250928936e-02
2.190113431079591388e-01
7.797522906876076521e-01
-6.417632970926322178e-02
3.687574571968731812e-02
-8.900902277206663715e-01
4.262071389077773387e-01
-1.961446222460961342e-01
-1.701638148663541017e+00
-4.997172103886250993e-01
