Rank of the matrix A: 17
Solution by direct solve has the optimal value: 467.95
Basic variables: [0, 1, 2, 3, 5, 6, 7, 9, 13, 14, 15, 17, 19, 20, 21, 24]
Iteration 1
Objective value: -452.90
Basic variables: [0, 1, 2, 3, 5, 6, 7, 9, 10, 13, 14, 15, 17, 19, 20, 21, 31]
xb: [405.4042633199436, 405.4042633199436, 500.00000000000006, 99.99999999999997, 499.36760000000004, 797.0149253731344, 600.0, 904.5, 305.4042633199436, 600.0, 999.3675999999999, 597.0149253731342, 900.0, 193.0687153634567, 100.0, 200.08174338031893, 0.0]

***Next iteration*** 

Iteration 2
Objective value: -465.51
Basic variables: [0, 1, 2, 3, 5, 6, 7, 8, 9, 10, 13, 14, 15, 17, 19, 20, 21]
xb: [405.40426331994354, 405.40426331994354, 500.0, 100.00000000000001, 499.3676, 797.0149253731345, 600.0000000000001, -0.0, 904.5, 305.4042633199436, 600.0, 999.3676, 597.0149253731344, 900.0, 193.06871536345673, 100.0, 200.08174338031893]

***Next iteration*** 

Iteration 3
Objective value: -465.51
Basic variables: [0, 1, 2, 3, 5, 6, 7, 8, 9, 10, 13, 14, 15, 16, 17, 19, 20]
xb: [597.5124378109452, 597.5124378109452, 500.0, 100.00000000000001, 499.3676, 1004.3644380000001, 808.38626019, 209.42819149094998, 1114.9753324484047, 497.51243781094536, 600.0, 999.3676, 804.364438, 208.38626018999997, 1109.42819149095, 2.842170943040401e-14, 100.0]

***Next iteration*** 

Iteration 4
Objective value: -467.95
Basic variables: [0, 1, 2, 3, 5, 6, 7, 8, 9, 10, 13, 14, 15, 16, 17, 19, 20]
xb: [ 597.51243781  597.51243781  500.          100.          499.3676
 1004.364438    808.38626019  209.42819149 1114.97533245  497.51243781
  600.          999.3676      804.364438    208.38626019 1109.42819149
    0.          100.        ]

***Next iteration*** 

